  
input 1 : 20
input 2 : 100

Output 1 :
41 85 72 38 80 69 65 68 96 22 49 67 51 61 63 87 66 24 80 83

0 2 1 0 0 0 0 2 2 0 2 2 2 1 0 0 2 0 0 0
Group 1 : 41 38 80 69 65 22 63 87 24 80 83
Group 2 : 72 61
Group 3 : 85 68 96 49 67 51 66



Output 2 : 
41 85 72 38 80 69 65 68 96 22 49 67 51 61 63 87 66 24 80 83 71 60 64 52 90 60 49 31 23 99 94 11 25 24 51 15 13 39 67 97 19 76 12 33 99 18 92 35 74 0 95 71 39 33 39 32 37 45 57 71 95 5 71 24 86 8 51 54 74 24 75 70 33 63 29 99 58 94 52 13 35 99 46 57 71 23 17 3 94 48 77 18 83 11 83 25 59 62 2 78

2 1 0 1 1 2 2 2 0 2 0 2 0 0 2 1 2 1 0 2 1 1 0 2 1 0 2 2 2 1 2 2 0 1 1 1 2 1 0 0 1 0 1 2 2 2 1 1 1 1 0 0 1 0 0 2 0 0 1 0 0 2 1 1 1 2 0 0 1 2 2 1 1 0 1 2 1 2 1 1 2 1 1 1 0 2 2 2 0 0 1 2 2 2 2 1 2 0 1 2
Group 1 : 72 96 49 51 61 80 64 60 25 67 97 76 95 71 33 39 37 45 71 95 51 54 63 71 94 48 62
Group 2 : 85 38 80 87 24 71 60 90 99 24 51 15 39 19 12 92 35 74 0 39 57 71 24 86 74 70 33 29 58 52 13 99 46 57 77 25 2
Group 3 : 41 69 65 68 22 67 63 66 83 52 49 31 23 94 11 13 33 99 18 32 5 8 24 75 99 94 35 23 17 3 18 83 11 83 59 78


